4294967294,0
4294967278,132
4294967278,131
4294967278,130
4294967278,129
4294967278,128
4294967278,127
4294967278,126
4294967278,125
4294967278,124
4294967278,123
4294967278,122
4294967278,121
4294967278,120
4294967278,119
4294967278,118
4294967278,117
4294967278,116
4294967278,115
4294967278,114
4294967278,113
4294967278,112
4294967278,111
4294967278,110
4294967278,109
4294967278,108
4294967278,107
4294967278,106
4294967278,105
4294967278,104
4294967278,103
4294967278,102
4294967278,101
4294967278,100
4294967278,99
4294967278,98
4294967278,97
4294967278,96
4294967278,95
4294967278,94
4294967278,93
4294967278,92
4294967278,91
4294967278,90
4294967278,89
4294967278,87
4294967278,86
4294967278,85
4294967278,84
4294967278,83
4294967278,82
4294967278,81
4294967278,80
4294967278,79
4294967278,78
4294967278,77
4294967278,76
4294967278,75
4294967278,74
4294967278,73
4294967278,72
4294967278,71
4294967278,70
4294967278,69
4294967278,68
4294967278,67
4294967278,66
4294967278,65
4294967278,64
4294967278,63
4294967278,62
4294967278,61
4294967278,60
4294967278,59
4294967278,58
4294967278,57
4294967278,56
4294967278,55
4294967278,54
4294967278,53
4294967278,52
4294967278,51
4294967278,50
4294967278,49
4294967278,48
4294967278,47
4294967278,46
4294967278,45
4294967278,44
4294967278,43
4294967278,42
4294967279,34
4294967279,33
4294967279,32
4294967279,25
4294967279,23
4294967279,22
4294967279,17
4294967279,16
4294967279,15
4294967279,14
4294967279,13
4294967279,259
4294967279,10
4294967279,9
4294967279,8
4294967279,7
4294967279,6
4294967279,5
4294967279,4
4294967279,19
0,5
4294967294,6
4294967294,5
32,4
32,3
32,2
32,1
31,6
31,5
31,4
31,3
31,2
31,1
4294967279,523
4294967279,522
4294967278,337
4294967279,521
4294967278,336
4294967278,335
4294967279,520
4294967278,334
4294967279,519
4294967278,333
4294967278,332
4294967279,518
4294967278,331
4294967279,517
4294967279,516
4294967278,330
4294967279,515
4294967279,514
4294967279,513
4294967278,329
28,4
28,3
28,2
28,1
27,4
27,3
27,2
27,1
4294967294,473
4294967279,512
26,5
26,4
26,3
26,2
26,1
4294967278,328
4294967279,319
4294967278,327
4294967279,318
4294967278,326
4294967279,317
24,5
24,4
24,3
24,2
24,1
4294967278,325
4294967278,324
4294967294,472
4294967279,316
4294967278,323
4294967279,315
4294967278,322
4294967279,314
4294967279,313
4294967278,321
4294967279,312
4294967278,320
4294967279,311
4294967278,319
4294967294,1417
4294967279,310
4294967278,318
4294967278,317
21,5
21,4
21,3
21,2
21,1
4294967279,309
4294967294,1419
4294967294,1418
20,4
20,3
20,2
20,1
4294967279,308
4294967279,307
4294967278,316
4294967278,315
19,5
19,4
19,3
19,2
19,1
4294967279,306
4294967278,314
4294967279,305
4294967279,304
18,5
18,4
18,3
18,2
18,1
4294967278,313
4294967279,303
17,5
17,4
17,3
17,2
17,1
4294967278,312
4294967278,311
16,6
4294967279,302
4294967279,301
16,5
16,4
16,3
16,2
16,1
4294967278,310
15,4
15,3
15,2
15,1
4294967278,309
4294967278,308
4294967279,300
4294967278,307
13,4
13,3
13,2
13,1
4294967278,306
4294967278,305
4294967279,299
4294967279,298
4294967279,297
4294967279,296
4294967278,304
4294967279,295
4294967293,131
4294967293,130
4294967293,129
4294967293,128
4294967293,127
4294967293,126
4294967293,125
4294967293,124
4294967293,123
4294967293,122
4294967293,121
4294967293,120
4294967293,119
4294967293,118
4294967293,117
4294967293,116
4294967293,115
4294967293,114
4294967293,113
4294967293,112
4294967293,111
4294967293,110
4294967293,109
4294967293,108
4294967293,107
4294967293,106
4294967293,105
4294967293,104
4294967293,103
4294967293,102
4294967293,101
4294967293,100
4294967293,99
4294967293,98
4294967293,97
4294967293,96
4294967293,95
4294967293,94
4294967293,93
4294967293,92
4294967293,91
4294967293,90
4294967293,89
4294967293,88
4294967293,87
4294967293,86
4294967293,85
4294967293,84
4294967293,83
4294967293,82
4294967293,81
4294967293,80
4294967293,79
4294967293,78
4294967293,77
4294967293,76
4294967293,75
4294967293,74
4294967293,73
4294967293,72
4294967293,71
4294967293,70
4294967293,69
4294967293,68
4294967293,67
4294967293,66
4294967293,65
4294967293,64
4294967293,63
4294967293,62
4294967293,61
4294967293,60
4294967293,59
4294967293,58
4294967293,57
4294967293,56
4294967293,55
4294967293,54
4294967293,53
4294967293,52
4294967293,51
4294967293,50
4294967293,49
4294967293,48
